当k=10时,正确数量为4908,错误数量为118,正确率为 97.65220851571827
当k=20时,正确数量为4888,错误数量为138,正确率为 97.25427775567051
当k=30时,正确数量为4873,错误数量为153,正确率为 96.9558296856347
当k=40时,正确数量为4851,错误数量为175,正确率为 96.51810584958217
当k=50时,正确数量为4850,错误数量为176,正确率为 96.49820931157979
当k=60时,正确数量为4838,错误数量为188,正确率为 96.25945085555114
当k=70时,正确数量为4830,错误数量为196,正确率为 96.10027855153203
当k=80时,正确数量为4826,错误数量为200,正确率为 96.02069239952249
当k=90时,正确数量为4824,错误数量为202,正确率为 95.9808993235177
当k=100时,正确数量为4816,错误数量为210,正确率为 95.82172701949861
当k=110时,正确数量为4807,错误数量为219,正确率为 95.64265817747712
当k=120时,正确数量为4799,错误数量为227,正确率为 95.48348587345802
当k=130时,正确数量为4794,错误数量为232,正确率为 95.38400318344608
当k=140时,正确数量为4787,错误数量为239,正确率为 95.24472741742937
当k=150时,正确数量为4783,错误数量为243,正确率为 95.16514126541982
当k=160时,正确数量为4775,错误数量为251,正确率为 95.00596896140071
当k=170时,正确数量为4774,错误数量为252,正确率为 94.98607242339833
当k=180时,正确数量为4768,错误数量为258,正确率为 94.866693195384
当k=190时,正确数量为4765,错误数量为261,正确率为 94.80700358137685
当k=200时,正确数量为4759,错误数量为267,正确率为 94.68762435336251
当k=210时,正确数量为4754,错误数量为272,正确率为 94.58814166335058
当k=220时,正确数量为4750,错误数量为276,正确率为 94.50855551134103
当k=230时,正确数量为4746,错误数量为280,正确率为 94.42896935933148
当k=240时,正确数量为4741,错误数量为285,正确率为 94.32948666931954
当k=250时,正确数量为4732,错误数量为294,正确率为 94.15041782729806
当k=260时,正确数量为4731,错误数量为295,正确率为 94.13052128929566
当k=270时,正确数量为4727,错误数量为299,正确率为 94.05093513728612
当k=280时,正确数量为4726,错误数量为300,正确率为 94.03103859928372
当k=290时,正确数量为4721,错误数量为305,正确率为 93.9315559092718
当k=300时,正确数量为4713,错误数量为313,正确率为 93.77238360525268
当k=310时,正确数量为4705,错误数量为321,正确率为 93.61321130123359
当k=320时,正确数量为4702,错误数量为324,正确率为 93.55352168722642
当k=330时,正确数量为4701,错误数量为325,正确率为 93.53362514922404
当k=340时,正确数量为4699,错误数量为327,正确率为 93.49383207321927
当k=350时,正确数量为4694,错误数量为332,正确率为 93.39434938320733
当k=360时,正确数量为4691,错误数量为335,正确率为 93.33465976920016
当k=370时,正确数量为4688,错误数量为338,正确率为 93.274970155193
当k=380时,正确数量为4680,错误数量为346,正确率为 93.1157978511739
当k=390时,正确数量为4678,错误数量为348,正确率为 93.07600477516912
当k=400时,正确数量为4676,错误数量为350,正确率为 93.03621169916434
当k=410时,正确数量为4668,错误数量为358,正确率为 92.87703939514525
当k=420时,正确数量为4669,错误数量为357,正确率为 92.89693593314763
当k=430时,正确数量为4663,错误数量为363,正确率为 92.7775567051333
当k=440时,正确数量为4659,错误数量为367,正确率为 92.69797055312375
当k=450时,正确数量为4656,错误数量为370,正确率为 92.6382809391166
当k=460时,正确数量为4653,错误数量为373,正确率为 92.57859132510943
当k=470时,正确数量为4650,错误数量为376,正确率为 92.51890171110227
当k=480时,正确数量为4644,错误数量为382,正确率为 92.39952248308795
当k=490时,正确数量为4639,错误数量为387,正确率为 92.30003979307601
[[4908.  118.    0.]
 [4888.  138.    0.]
 [4873.  153.    0.]
 [4851.  175.    0.]
 [4850.  176.    0.]
 [4838.  188.    0.]
 [4830.  196.    0.]
 [4826.  200.    0.]
 [4824.  202.    0.]
 [4816.  210.    0.]
 [4807.  219.    0.]
 [4799.  227.    0.]
 [4794.  232.    0.]
 [4787.  239.    0.]
 [4783.  243.    0.]
 [4775.  251.    0.]
 [4774.  252.    0.]
 [4768.  258.    0.]
 [4765.  261.    0.]
 [4759.  267.    0.]
 [4754.  272.    0.]
 [4750.  276.    0.]
 [4746.  280.    0.]
 [4741.  285.    0.]
 [4732.  294.    0.]
 [4731.  295.    0.]
 [4727.  299.    0.]
 [4726.  300.    0.]
 [4721.  305.    0.]
 [4713.  313.    0.]
 [4705.  321.    0.]
 [4702.  324.    0.]
 [4701.  325.    0.]
 [4699.  327.    0.]
 [4694.  332.    0.]
 [4691.  335.    0.]
 [4688.  338.    0.]
 [4680.  346.    0.]
 [4678.  348.    0.]
 [4676.  350.    0.]
 [4668.  358.    0.]
 [4669.  357.    0.]
 [4663.  363.    0.]
 [4659.  367.    0.]
 [4656.  370.    0.]
 [4653.  373.    0.]
 [4650.  376.    0.]
 [4644.  382.    0.]
 [4639.  387.    0.]
 [   0.    0.    0.]
 [   0.    0.    0.]
 [   0.    0.    0.]
 [   0.    0.    0.]
 [   0.    0.    0.]
 [   0.    0.    0.]
 [   0.    0.    0.]
 [   0.    0.    0.]
 [   0.    0.    0.]
 [   0.    0.    0.]
 [   0.    0.    0.]
 [   0.    0.    0.]
 [   0.    0.    0.]
 [   0.    0.    0.]
 [   0.    0.    0.]
 [   0.    0.    0.]
 [   0.    0.    0.]
 [   0.    0.    0.]
 [   0.    0.    0.]
 [   0.    0.    0.]
 [   0.    0.    0.]
 [   0.    0.    0.]
 [   0.    0.    0.]
 [   0.    0.    0.]
 [   0.    0.    0.]
 [   0.    0.    0.]
 [   0.    0.    0.]
 [   0.    0.    0.]
 [   0.    0.    0.]
 [   0.    0.    0.]
 [   0.    0.    0.]
 [   0.    0.    0.]
 [   0.    0.    0.]
 [   0.    0.    0.]
 [   0.    0.    0.]
 [   0.    0.    0.]
 [   0.    0.    0.]
 [   0.    0.    0.]
 [   0.    0.    0.]
 [   0.    0.    0.]
 [   0.    0.    0.]
 [   0.    0.    0.]
 [   0.    0.    0.]
 [   0.    0.    0.]
 [   0.    0.    0.]
 [   0.    0.    0.]
 [   0.    0.    0.]
 [   0.    0.    0.]
 [   0.    0.    0.]
 [   0.    0.    0.]
 [   0.    0.    0.]
 [   0.    0.    0.]
 [   0.    0.    0.]
 [   0.    0.    0.]
 [   0.    0.    0.]
 [   0.    0.    0.]
 [   0.    0.    0.]
 [   0.    0.    0.]
 [   0.    0.    0.]
 [   0.    0.    0.]
 [   0.    0.    0.]
 [   0.    0.    0.]
 [   0.    0.    0.]
 [   0.    0.    0.]
 [   0.    0.    0.]
 [   0.    0.    0.]
 [   0.    0.    0.]
 [   0.    0.    0.]
 [   0.    0.    0.]
 [   0.    0.    0.]
 [   0.    0.    0.]
 [   0.    0.    0.]
 [   0.    0.    0.]
 [   0.    0.    0.]
 [   0.    0.    0.]
 [   0.    0.    0.]
 [   0.    0.    0.]
 [   0.    0.    0.]
 [   0.    0.    0.]
 [   0.    0.    0.]
 [   0.    0.    0.]
 [   0.    0.    0.]
 [   0.    0.    0.]
 [   0.    0.    0.]
 [   0.    0.    0.]
 [   0.    0.    0.]
 [   0.    0.    0.]
 [   0.    0.    0.]
 [   0.    0.    0.]
 [   0.    0.    0.]
 [   0.    0.    0.]
 [   0.    0.    0.]
 [   0.    0.    0.]
 [   0.    0.    0.]
 [   0.    0.    0.]
 [   0.    0.    0.]
 [   0.    0.    0.]
 [   0.    0.    0.]
 [   0.    0.    0.]
 [   0.    0.    0.]
 [   0.    0.    0.]
 [   0.    0.    0.]
 [   0.    0.    0.]
 [   0.    0.    0.]
 [   0.    0.    0.]
 [   0.    0.    0.]
 [   0.    0.    0.]
 [   0.    0.    0.]
 [   0.    0.    0.]
 [   0.    0.    0.]
 [   0.    0.    0.]
 [   0.    0.    0.]
 [   0.    0.    0.]
 [   0.    0.    0.]
 [   0.    0.    0.]
 [   0.    0.    0.]
 [   0.    0.    0.]
 [   0.    0.    0.]
 [   0.    0.    0.]
 [   0.    0.    0.]
 [   0.    0.    0.]
 [   0.    0.    0.]
 [   0.    0.    0.]
 [   0.    0.    0.]
 [   0.    0.    0.]
 [   0.    0.    0.]
 [   0.    0.    0.]
 [   0.    0.    0.]
 [   0.    0.    0.]
 [   0.    0.    0.]
 [   0.    0.    0.]
 [   0.    0.    0.]
 [   0.    0.    0.]
 [   0.    0.    0.]
 [   0.    0.    0.]
 [   0.    0.    0.]
 [   0.    0.    0.]
 [   0.    0.    0.]
 [   0.    0.    0.]
 [   0.    0.    0.]
 [   0.    0.    0.]
 [   0.    0.    0.]
 [   0.    0.    0.]
 [   0.    0.    0.]
 [   0.    0.    0.]
 [   0.    0.    0.]
 [   0.    0.    0.]
 [   0.    0.    0.]
 [   0.    0.    0.]
 [   0.    0.    0.]
 [   0.    0.    0.]]
